<div id="541baf0a-e737-443b-9071-edebefcd13a5" style="height: 100%; width: 90%;" class="plotly-graph-div"></div><script type="text/javascript">window.PLOTLYENV=window.PLOTLYENV || {};window.PLOTLYENV.BASE_URL="https://plot.ly";Plotly.newPlot("541baf0a-e737-443b-9071-edebefcd13a5", [{"type": "heatmap", "z": [[1.0, -0.011351701351774959, 0.8195984482425205, 0.9998890277933231, -0.7859237512323326, 0.9617162025925373, 0.9617167250669071], [-0.011351701351774959, 1.0, -0.022688040347551522, -0.008989007470355633, 0.004247490508356819, 0.01124883310271492, 0.011245738095829984], [0.8195984482425205, -0.022688040347551522, 1.0, 0.8217870978283935, -0.4274782687781493, 0.6533656867683245, 0.6533695142230432], [0.9998890277933231, -0.008989007470355633, 0.8217870978283935, 1.0, -0.7882512359642231, 0.9623625223516835, 0.9623631434590514], [-0.7859237512323326, 0.004247490508356819, -0.4274782687781493, -0.7882512359642231, 1.0, -0.8769606466229093, -0.8769633729619367], [0.9617162025925373, 0.01124883310271492, 0.6533656867683245, 0.9623625223516835, -0.8769606466229093, 1.0, 0.9999999576187552], [0.9617167250669071, 0.011245738095829984, 0.6533695142230432, 0.9623631434590514, -0.8769633729619367, 0.9999999576187552, 1.0]], "x": ["deadCars", "flux", "queue", "time", "class", "density", "totalCars"], "y": ["deadCars", "flux", "queue", "time", "class", "density", "totalCars"], "colorscale": [[0.0, "rgb(255, 153, 51)"], [0.1111111111111111, "rgb(55, 128, 191)"], [0.2222222222222222, "rgb(50, 171, 96)"], [0.3333333333333333, "rgb(128, 0, 128)"], [0.4444444444444444, "rgb(219, 64, 82)"], [0.5555555555555556, "rgb(0, 128, 128)"], [0.6666666666666666, "rgb(255, 255, 51)"], [0.7777777777777778, "rgb(128, 128, 0)"], [0.8888888888888888, "rgb(251, 128, 114)"], [1.0, "rgb(128, 177, 211)"]]}], {"legend": {"bgcolor": "#FFFFFF", "font": {"color": "#4D5663"}}, "paper_bgcolor": "#FFFFFF", "plot_bgcolor": "#FFFFFF", "yaxis1": {"tickfont": {"color": "#4D5663"}, "gridcolor": "#E1E5ED", "titlefont": {"color": "#4D5663"}, "zerolinecolor": "#E1E5ED", "showgrid": true, "title": "Features"}, "xaxis1": {"tickfont": {"color": "#4D5663"}, "gridcolor": "#E1E5ED", "titlefont": {"color": "#4D5663"}, "zerolinecolor": "#E1E5ED", "showgrid": true, "title": "Features"}, "titlefont": {"color": "#4D5663"}}, {})</script>