<div id="5d85d843-b73f-4386-b850-a28152f685f9" style="height: 100%; width: 90%;" class="plotly-graph-div"></div><script type="text/javascript">window.PLOTLYENV=window.PLOTLYENV || {};window.PLOTLYENV.BASE_URL="https://plot.ly";Plotly.newPlot("5d85d843-b73f-4386-b850-a28152f685f9", [{"type": "heatmap", "z": [[1.0, 0.08773348939210497, 0.008049928960465655, 0.09452052933789346, -0.1663118390208855, 0.02235482677808131, -0.016340482564779282], [0.08773348939210497, 1.0, 0.06271814512985284, 0.0850669164746386, -0.1254023069601381, 0.027745240349596197, -0.23690334007254207], [0.008049928960465655, 0.06271814512985284, 1.0, 0.014920781784949731, -0.030100096351084557, 0.05726150588210523, -0.1258573785856942], [0.09452052933789346, 0.0850669164746386, 0.014920781784949731, 1.0, -0.14171722262400827, 0.04902802023097679, 2.197250105317076e-05], [-0.1663118390208855, -0.1254023069601381, -0.030100096351084557, -0.14171722262400827, 1.0, -0.007435137361323374, 0.14592015571269412], [0.02235482677808131, 0.027745240349596197, 0.05726150588210523, 0.04902802023097679, -0.007435137361323374, 1.0, 0.15933885270719386], [-0.016340482564779282, -0.23690334007254207, -0.1258573785856942, 2.197250105317076e-05, 0.14592015571269412, 0.15933885270719386, 1.0]], "x": ["sexo", "est.civil", "sede", "gpo.prof", "class", "zona", "r.edad"], "y": ["sexo", "est.civil", "sede", "gpo.prof", "class", "zona", "r.edad"], "colorscale": [[0.0, "rgb(255, 153, 51)"], [0.1111111111111111, "rgb(55, 128, 191)"], [0.2222222222222222, "rgb(50, 171, 96)"], [0.3333333333333333, "rgb(128, 0, 128)"], [0.4444444444444444, "rgb(219, 64, 82)"], [0.5555555555555556, "rgb(0, 128, 128)"], [0.6666666666666666, "rgb(255, 255, 51)"], [0.7777777777777778, "rgb(128, 128, 0)"], [0.8888888888888888, "rgb(251, 128, 114)"], [1.0, "rgb(128, 177, 211)"]]}], {"legend": {"bgcolor": "#FFFFFF", "font": {"color": "#4D5663"}}, "paper_bgcolor": "#FFFFFF", "plot_bgcolor": "#FFFFFF", "yaxis1": {"tickfont": {"color": "#4D5663"}, "gridcolor": "#E1E5ED", "titlefont": {"color": "#4D5663"}, "zerolinecolor": "#E1E5ED", "showgrid": true, "title": "Features"}, "xaxis1": {"tickfont": {"color": "#4D5663"}, "gridcolor": "#E1E5ED", "titlefont": {"color": "#4D5663"}, "zerolinecolor": "#E1E5ED", "showgrid": true, "title": "Features"}, "titlefont": {"color": "#4D5663"}}, {})</script>