<div id="12fa5556-f8fb-423c-b82a-e23a479270d1" style="height: 100%; width: 90%;" class="plotly-graph-div"></div><script type="text/javascript">window.PLOTLYENV=window.PLOTLYENV || {};window.PLOTLYENV.BASE_URL="https://plot.ly";Plotly.newPlot("12fa5556-f8fb-423c-b82a-e23a479270d1", [{"z": [[1.0, 0.05037078126480495, 0.06575036435943842, -0.026670318665939666, -0.03364883946226402, -0.011035451319572193], [0.05037078126480495, 1.0, -0.08735922772373456, -0.010625826410896266, 0.009972830536457313, -0.032824780272560944], [0.06575036435943842, -0.08735922772373456, 1.0, -0.08324722761355018, -0.10159949161170193, -0.018363943691049534], [-0.026670318665939666, -0.010625826410896266, -0.08324722761355018, 1.0, -0.29824332732890413, -0.0022608807058164524], [-0.03364883946226402, 0.009972830536457313, -0.10159949161170193, -0.29824332732890413, 1.0, -0.0330574282817989], [-0.011035451319572193, -0.032824780272560944, -0.018363943691049534, -0.0022608807058164524, -0.0330574282817989, 1.0]], "colorscale": [[0.0, "rgb(255, 153, 51)"], [0.1111111111111111, "rgb(55, 128, 191)"], [0.2222222222222222, "rgb(50, 171, 96)"], [0.3333333333333333, "rgb(128, 0, 128)"], [0.4444444444444444, "rgb(219, 64, 82)"], [0.5555555555555556, "rgb(0, 128, 128)"], [0.6666666666666666, "rgb(255, 255, 51)"], [0.7777777777777778, "rgb(128, 128, 0)"], [0.8888888888888888, "rgb(251, 128, 114)"], [1.0, "rgb(128, 177, 211)"]], "type": "heatmap", "y": ["Precio", "Calificacion", "Tamano", "Temporada", "Material", "class"], "x": ["Precio", "Calificacion", "Tamano", "Temporada", "Material", "class"]}], {"titlefont": {"color": "#4D5663"}, "xaxis1": {"titlefont": {"color": "#4D5663"}, "zerolinecolor": "#E1E5ED", "title": "Features", "gridcolor": "#E1E5ED", "showgrid": true, "tickfont": {"color": "#4D5663"}}, "legend": {"font": {"color": "#4D5663"}, "bgcolor": "#FFFFFF"}, "yaxis1": {"titlefont": {"color": "#4D5663"}, "zerolinecolor": "#E1E5ED", "title": "Features", "gridcolor": "#E1E5ED", "showgrid": true, "tickfont": {"color": "#4D5663"}}, "plot_bgcolor": "#FFFFFF", "paper_bgcolor": "#FFFFFF"}, {})</script>