{"data": [{"type": "heatmap", "z": [[1.0, 0.09439694091041399, 0.21154459643174447, -0.31023513689108523, 0.27079822591147995, 0.2891011225874568, 0.23681492790034606, -0.15592946668732896, 0.1366979117694798, 0.5463641950837037, -0.0717471973301546, 0.07234318740052223, 0.6437200371782138, -0.32822194089001916], [0.09439694091041399, 1.0, 0.16404546975674442, 0.2885004028036243, -0.054575096084001205, -0.3351669971620653, -0.41100658761426323, 0.292977133480648, -0.22074618679284627, 0.24898534409523967, -0.5612956886649448, -0.36871042829326395, -0.19201056463400965, 0.43777620484106494], [0.21154459643174447, 0.16404546975674442, 1.0, 0.4433671865523109, 0.28658669125817443, 0.12897953765406997, 0.11507727901397245, 0.18623044631692112, 0.00965193515208687, 0.2588872592996536, -0.07466688903277302, 0.00391123063027523, 0.22362626368757219, -0.04964322102407735], [-0.31023513689108523, 0.2885004028036243, 0.4433671865523109, 1.0, -0.08333308856795278, -0.3211133173240711, -0.351369860138395, 0.3619217185576047, -0.19732683571595488, 0.018731980931230508, -0.27395522270040723, -0.2767685488914355, -0.44059693128216204, 0.5178591098214518], [0.27079822591147995, -0.054575096084001205, 0.28658669125817443, -0.08333308856795278, 1.0, 0.21440123465343253, 0.1957837698574332, -0.2562940489138299, 0.23644060977750772, 0.19995000627543222, 0.055398195603007315, 0.0660039360320473, 0.39335084938308684, -0.20917939029493013], [0.2891011225874568, -0.3351669971620653, 0.12897953765406997, -0.3211133173240711, 0.21440123465343253, 1.0, 0.8645635000951156, -0.4499353009352201, 0.6124130837800363, -0.05513641774236596, 0.4336813352137759, 0.6999493647911863, 0.498114879642099, -0.7191633405539714], [0.23681492790034606, -0.41100658761426323, 0.11507727901397245, -0.351369860138395, 0.1957837698574332, 0.8645635000951156, 1.0, -0.5378996119051984, 0.6526917686075155, -0.1723793982891795, 0.5434785664899898, 0.7871939018669513, 0.4941931272043737, -0.8474975401417586], [-0.15592946668732896, 0.292977133480648, 0.18623044631692112, 0.3619217185576047, -0.2562940489138299, -0.4499353009352201, -0.5378996119051984, 1.0, -0.36584509900799167, 0.13905701286052888, -0.2626396311498333, -0.5032695960789112, -0.3113851883179212, 0.48910915886069084], [0.1366979117694798, -0.22074618679284627, 0.00965193515208687, -0.19732683571595488, 0.23644060977750772, 0.6124130837800363, 0.6526917686075155, -0.36584509900799167, 1.0, -0.025249930815701597, 0.2955442527835989, 0.5190670956825231, 0.3304167004025373, -0.4991298238591705], [0.5463641950837037, 0.24898534409523967, 0.2588872592996536, 0.018731980931230508, 0.19995000627543222, -0.05513641774236596, -0.1723793982891795, 0.13905701286052888, -0.025249930815701597, 1.0, -0.5218131932287575, -0.4288149418276316, 0.31610011265609006, 0.26566756917598955], [-0.0717471973301546, -0.5612956886649448, -0.07466688903277302, -0.27395522270040723, 0.055398195603007315, 0.4336813352137759, 0.5434785664899898, -0.2626396311498333, 0.2955442527835989, -0.5218131932287575, 1.0, 0.5654682931826593, 0.23618344665043717, -0.617369210285832], [0.07234318740052223, -0.36871042829326395, 0.00391123063027523, -0.2767685488914355, 0.0660039360320473, 0.6999493647911863, 0.7871939018669513, -0.5032695960789112, 0.5190670956825231, -0.4288149418276316, 0.5654682931826593, 1.0, 0.31276107545272375, -0.7882295886876621], [0.6437200371782138, -0.19201056463400965, 0.22362626368757219, -0.44059693128216204, 0.39335084938308684, 0.498114879642099, 0.4941931272043737, -0.3113851883179212, 0.3304167004025373, 0.31610011265609006, 0.23618344665043717, 0.31276107545272375, 1.0, -0.6337167849870335], [-0.32822194089001916, 0.43777620484106494, -0.04964322102407735, 0.5178591098214518, -0.20917939029493013, -0.7191633405539714, -0.8474975401417586, 0.48910915886069084, -0.4991298238591705, 0.26566756917598955, -0.617369210285832, -0.7882295886876621, -0.6337167849870335, 1.0]], "x": ["alcohol", "malic_acid", "ash", "alcalinity_of_ash", "magnesium", "total_phenols", "flavanoids", "nonflavanoid_phenols", "proanthocyanins", "color_intensity", "hue", "diluted_wines", "proline", "class"], "y": ["alcohol", "malic_acid", "ash", "alcalinity_of_ash", "magnesium", "total_phenols", "flavanoids", "nonflavanoid_phenols", "proanthocyanins", "color_intensity", "hue", "diluted_wines", "proline", "class"], "colorscale": [[0.0, "rgb(255,255,204)"], [0.125, "rgb(255,237,160)"], [0.25, "rgb(254,217,118)"], [0.375, "rgb(254,178,76)"], [0.5, "rgb(253,141,60)"], [0.625, "rgb(252,78,42)"], [0.75, "rgb(227,26,28)"], [0.875, "rgb(189,0,38)"], [1.0, "rgb(128,0,38)"]]}], "layout": {"legend": {"bgcolor": "#FFFFFF", "font": {"color": "#4D5663"}}, "paper_bgcolor": "#FFFFFF", "plot_bgcolor": "#FFFFFF", "yaxis1": {"tickfont": {"color": "#4D5663"}, "gridcolor": "#E1E5ED", "titlefont": {"color": "#4D5663"}, "zerolinecolor": "#E1E5ED", "showgrid": true, "title": "Features"}, "xaxis1": {"tickfont": {"color": "#4D5663"}, "gridcolor": "#E1E5ED", "titlefont": {"color": "#4D5663"}, "zerolinecolor": "#E1E5ED", "showgrid": true, "title": "Features"}, "titlefont": {"color": "#4D5663"}}}