<div id="76fc8386-a08b-4086-a851-c9f4bb42538b" style="height: 100%; width: 90%;" class="plotly-graph-div"></div><script type="text/javascript">window.PLOTLYENV=window.PLOTLYENV || {};window.PLOTLYENV.BASE_URL="https://plot.ly";Plotly.newPlot("76fc8386-a08b-4086-a851-c9f4bb42538b", [{"type": "heatmap", "z": [[1.0, -0.20645149993920292, -0.07774124557952088, 0.007383227104322203, -0.01782748498322494, -0.03979844456948073], [-0.20645149993920292, 1.0, 0.5538785138838578, 0.0017834649768152914, 0.015503405795902408, 0.06027142423723453], [-0.07774124557952088, 0.5538785138838578, 1.0, -0.0026954388006525227, 0.0011503623619617716, 0.10121061008744171], [0.007383227104322203, 0.0017834649768152914, -0.0026954388006525227, 1.0, 0.0037886648299245303, -0.0008395797464873935], [-0.01782748498322494, 0.015503405795902408, 0.0011503623619617716, 0.0037886648299245303, 1.0, -0.013276340447915041], [-0.03979844456948073, 0.06027142423723453, 0.10121061008744171, -0.0008395797464873935, -0.013276340447915041, 1.0]], "x": ["busID", "ProximaParada", "Ruta", "Orientacion", "rangoHora", "class"], "y": ["busID", "ProximaParada", "Ruta", "Orientacion", "rangoHora", "class"], "colorscale": [[0.0, "rgb(255, 153, 51)"], [0.1111111111111111, "rgb(55, 128, 191)"], [0.2222222222222222, "rgb(50, 171, 96)"], [0.3333333333333333, "rgb(128, 0, 128)"], [0.4444444444444444, "rgb(219, 64, 82)"], [0.5555555555555556, "rgb(0, 128, 128)"], [0.6666666666666666, "rgb(255, 255, 51)"], [0.7777777777777778, "rgb(128, 128, 0)"], [0.8888888888888888, "rgb(251, 128, 114)"], [1.0, "rgb(128, 177, 211)"]]}], {"legend": {"bgcolor": "#FFFFFF", "font": {"color": "#4D5663"}}, "paper_bgcolor": "#FFFFFF", "plot_bgcolor": "#FFFFFF", "yaxis1": {"tickfont": {"color": "#4D5663"}, "gridcolor": "#E1E5ED", "titlefont": {"color": "#4D5663"}, "zerolinecolor": "#E1E5ED", "showgrid": true, "title": "Features"}, "xaxis1": {"tickfont": {"color": "#4D5663"}, "gridcolor": "#E1E5ED", "titlefont": {"color": "#4D5663"}, "zerolinecolor": "#E1E5ED", "showgrid": true, "title": "Features"}, "titlefont": {"color": "#4D5663"}}, {})</script>